1000
59 85 55 90 97 97 92 53 95 95 
1.000000
2 25 19 39 38 89 90 94 0 86 
0.361237
22 32 85 98 54 25 27 61 5 100 
0.554779
19 7 2 59 44 4 91 54 79 46 
0.032609
89 48 26 98 67 85 3 49 63 17 
0.937027
63 50 26 59 62 6 65 76 10 52 
0.175086
20 57 1 11 77 70 1 56 27 46 
0.000023
75 1 63 83 65 100 45 5 5 10 
0.659260
91 3 15 57 37 69 40 46 17 16 
0.083173
97 42 68 3 31 89 18 61 56 51 
0.731059
46 13 16 84 23 67 53 39 41 64 
0.702661
5 18 13 24 58 24 34 19 72 99 
0.002787
10 86 21 91 91 25 64 69 62 48 
0.480011
11 3 58 84 29 13 76 13 75 72 
0.323004
44 2 51 48 9 74 74 21 88 98 
0.996564
65 32 49 69 12 76 57 85 64 5 
0.517493
94 57 42 70 25 98 99 81 37 9 
0.999261
71 75 35 4 53 23 49 56 89 65 
0.505000
55 88 79 95 39 53 14 48 75 37 
0.785835
48 18 14 12 21 52 91 56 28 82 
0.349781
80 88 59 56 60 32 96 2 12 5 
0.415809
5 30 88 86 46 92 65 88 6 52 
0.681354
19 91 90 80 92 10 56 17 37 58 
0.327393
53 87 23 77 80 64 70 27 32 66 
0.993105
10 77 80 44 27 18 65 84 9 12 
0.000038
95 50 20 16 60 25 53 19 49 64 
0.610639
65 4 56 50 1 87 39 38 68 45 
0.576885
85 63 5 50 79 73 47 49 29 23 
0.641067
98 50 12 35 58 76 76 85 36 78 
0.999814
56 14 63 34 48 50 55 41 67 99 
0.987991
51 85 76 84 61 48 32 83 91 2 
0.593873
81 60 38 3 35 51 44 40 80 92 
0.957303
28 72 65 19 55 50 31 85 68 82 
0.261150
63 32 56 43 29 36 99 23 69 63 
0.984172
75 40 78 76 71 56 24 100 25 67 
0.993036
26 46 8 95 67 47 90 73 65 19 
0.744597
41 58 72 1 89 60 65 50 97 42 
0.710950
43 63 87 24 28 79 14 99 75 66 
0.467546
75 97 1 100 99 74 48 82 48 18 
0.995504
41 73 68 30 23 97 46 41 86 60 
0.871019
47 49 31 69 49 13 100 88 24 48 
0.725119
84 19 79 8 16 60 68 11 60 93 
0.991756
33 4 2 80 39 83 90 86 32 35 
0.770299
55 8 65 32 19 43 97 41 73 38 
0.681354
97 19 22 85 77 13 78 20 38 49 
0.995082
18 6 49 73 7 48 100 37 45 78 
0.833411
22 56 61 99 34 61 92 23 25 15 
0.261150
19 89 20 47 68 38 18 13 10 82 
0.001181
75 55 9 21 58 51 4 99 100 55 
0.358933
1 50 68 99 5 11 55 81 79 52 
0.051174
41 41 19 19 64 17 72 59 82 74 
0.423115
57 83 39 19 67 87 16 33 48 45 
0.064164
84 31 53 65 38 52 72 84 50 5 
0.867611
96 87 32 4 20 12 65 97 20 85 
0.734973
52 14 50 74 85 32 87 64 0 15 
0.255403
67 99 37 76 91 6 21 81 8 69 
0.507499
69 25 12 96 96 3 6 86 78 12 
0.071094
56 32 34 23 57 97 8 54 72 70 
0.567093
2 34 40 80 75 3 90 10 76 75 
0.615384
83 45 88 46 74 1 23 60 45 69 
0.755839
41 7 1 40 92 68 20 23 71 28 
0.006000
86 36 34 56 2 19 45 55 36 71 
0.502500
54 88 37 41 43 38 29 78 88 55 
0.375194
51 25 94 41 75 86 58 78 48 71 
0.997954
63 94 22 26 84 78 89 63 86 42 
0.998015
80 29 68 27 33 54 42 62 0 83 
0.700567
42 46 99 36 13 73 0 7 4 45 
0.000192
35 84 99 96 46 15 87 38 16 29 
0.475021
32 6 77 86 41 43 3 94 68 73 
0.475021
39 99 95 16 74 68 70 90 36 85 
0.991423
44 42 56 0 44 50 51 41 100 81 
0.610639
82 6 34 69 70 98 17 34 17 71 
0.983209
69 92 12 17 52 63 23 69 50 31 
0.013926
42 42 64 40 7 55 98 56 5 98 
0.950263
69 21 3 79 53 30 30 42 34 60 
0.266980
55 52 47 19 93 74 27 61 0 95 
0.700567
28 51 100 19 73 21 81 56 77 10 
0.021248
7 49 44 49 42 74 10 57 47 69 
0.004321
64 5 99 2 90 96 22 44 10 61 
0.389361
58 19 79 39 11 21 37 99 45 80 
0.305764
1 93 41 89 39 61 13 7 88 5 
0.000259
54 13 14 17 61 35 57 0 91 56 
0.102477
61 29 78 53 10 56 27 61 79 50 
0.507499
84 53 47 27 73 45 11 64 77 38 
0.327393
42 50 29 79 63 37 55 63 85 15 
0.289050
25 35 93 8 29 85 90 39 51 70 
0.784147
73 58 11 92 86 36 5 9 4 76 
0.467546
34 11 4 63 23 93 84 56 59 24 
0.375194
66 52 2 53 17 3 86 74 85 21 
0.148047
7 24 83 34 85 80 29 30 0 0 
0.000016
83 1 86 69 22 27 84 1 64 2 
0.584191
83 0 55 45 58 33 42 14 74 61 
0.902911
76 55 7 67 41 25 19 19 47 91 
0.652489
27 58 62 21 0 24 67 10 34 22 
0.000022
83 49 1 7 40 44 77 1 1 53 
0.030769
53 21 22 99 88 40 10 14 92 30 
0.354344
61 58 18 21 62 83 50 77 48 35 
0.318646
21 91 70 60 31 23 33 52 84 95 
0.589040
51 6 97 74 86 72 68 17 86 15 
0.988342
72 13 49 8 33 51 20 42 53 54 
0.013255
0 14 42 60 10 98 56 96 4 96 
0.293178
91 86 8 33 48 34 1 82 66 58 
0.215853
58 5 98 87 37 23 14 48 34 49 
0.112047
63 30 25 1 26 91 57 16 8 89 
0.312169
71 85 62 96 30 67 40 44 64 99 
0.999952
12 96 10 96 54 19 64 83 33 86 
0.657010
41 61 99 64 37 68 31 85 47 49 
0.659260
45 27 33 97 69 50 18 12 93 48 
0.723122
63 43 88 93 41 23 40 77 62 24 
0.710950
78 12 75 28 23 89 34 26 45 37 
0.312169
64 40 6 82 68 12 100 31 2 25 
0.295254
18 8 26 18 58 93 30 100 60 81 
0.183922
51 39 91 62 69 79 18 37 88 69 
0.992232
35 33 70 0 41 38 42 25 5 30 
0.000012
93 8 35 70 40 34 80 27 0 100 
0.999003
13 89 39 1 71 1 88 36 51 57 
0.001966
98 98 11 57 1 44 92 100 98 87 
0.999993
26 81 70 99 34 74 27 71 61 80 
0.983209
54 95 69 25 83 31 68 11 75 33 
0.432907
66 22 3 100 21 19 72 11 80 32 
0.679179
56 68 14 54 86 90 23 18 22 8 
0.009378
89 100 21 22 85 76 27 20 38 20 
0.153164
64 63 7 5 30 81 87 50 15 95 
0.948339
83 72 94 5 72 85 23 19 90 5 
0.340740
81 85 58 85 45 1 67 43 23 86 
0.996352
54 99 9 24 4 59 72 87 2 97 
0.591459
39 49 76 91 67 88 69 23 27 49 
0.991337
71 17 34 12 20 91 64 96 87 37 
0.891871
78 95 28 72 45 44 48 87 18 30 
0.562177
85 16 99 73 71 7 38 96 58 52 
0.989439
95 74 75 64 43 72 54 26 3 27 
0.919087
59 42 13 41 57 85 85 60 14 81 
0.992966
93 13 35 28 32 12 37 62 4 86 
0.194662
8 47 43 52 53 31 96 64 42 82 
0.650219
100 35 99 99 94 21 59 43 65 33 
0.999885
96 19 59 9 32 61 28 87 63 9 
0.050690
14 54 19 50 49 57 54 86 39 100 
0.593873
8 58 54 66 44 60 75 64 91 37 
0.534943
96 5 22 65 27 48 2 49 40 24 
0.020233
95 48 75 96 31 46 27 45 12 22 
0.643365
41 34 53 47 97 77 57 35 42 42 
0.723122
90 42 98 61 61 7 66 38 35 14 
0.631812
4 67 100 73 22 23 93 71 52 23 
0.046089
41 68 30 95 75 28 99 93 75 31 
0.995179
47 30 6 98 30 9 53 84 66 72 
0.814573
24 76 29 53 86 41 53 45 2 15 
0.000422
2 73 57 73 48 58 14 72 6 1 
0.000007
78 47 2 34 51 15 34 41 63 95 
0.708890
51 60 41 32 46 60 27 80 77 63 
0.472528
32 78 53 25 36 70 35 45 19 44 
0.001610
93 25 33 36 47 47 62 16 77 20 
0.665967
23 61 50 63 1 49 28 58 91 81 
0.276878
91 44 15 28 89 21 56 1 54 18 
0.082413
69 33 0 2 38 91 9 35 57 95 
0.303645
39 21 45 4 69 32 47 54 78 99 
0.517493
89 86 80 20 86 11 93 93 33 95 
0.999895
10 6 17 11 88 2 64 15 66 51 
0.000165
24 60 23 40 18 97 69 55 8 23 
0.002787
83 96 13 12 99 77 17 74 0 59 
0.314320
40 61 54 43 58 51 29 68 26 77 
0.186943
58 0 19 77 18 13 90 58 52 53 
0.729088
92 37 75 99 89 49 56 78 24 87 
0.999996
36 54 64 51 77 27 72 98 51 39 
0.527472
83 71 17 10 0 54 79 24 54 65 
0.692110
44 79 82 88 61 15 21 11 41 18 
0.005067
87 59 6 7 6 48 11 81 98 40 
0.019455
40 75 91 85 28 78 12 91 46 11 
0.062973
15 25 75 47 93 57 31 83 93 53 
0.497500
38 9 27 55 51 59 32 91 75 51 
0.240489
65 86 1 3 65 67 76 53 61 35 
0.391741
74 51 47 95 62 47 85 76 35 80 
0.999974
20 95 83 60 4 21 60 45 59 68 
0.102477
73 40 13 35 22 71 60 37 12 62 
0.354344
74 46 45 67 6 93 41 18 52 83 
0.995636
91 67 73 26 6 30 41 57 100 99 
0.997871
83 30 3 18 90 50 2 69 20 88 
0.270912
85 6 49 20 99 21 2 64 100 19 
0.039166
77 1 55 49 2 66 32 46 90 45 
0.702661
24 80 31 84 30 69 0 97 31 34 
0.002238
45 26 8 42 89 51 56 11 52 57 
0.266980
66 83 59 55 14 20 93 11 89 65 
0.991591
74 32 6 16 79 42 22 83 100 49 
0.384616
41 8 50 54 27 32 49 65 77 45 
0.081660
25 5 19 86 30 89 30 1 49 7 
0.001091
49 5 89 60 100 66 46 28 69 7 
0.524979
86 73 57 76 83 44 52 28 10 1 
0.408541
90 61 15 0 77 75 98 99 68 43 
0.998807
62 13 19 82 7 46 67 0 49 74 
0.895669
19 64 10 4 28 11 85 60 71 80 
0.012742
17 76 41 77 75 12 36 88 27 92 
0.282925
91 88 12 22 40 21 26 56 76 66 
0.420676
94 19 30 63 89 44 48 64 33 7 
0.622459
31 39 61 48 57 37 13 75 19 12 
0.000035
14 28 66 80 61 94 38 8 88 43 
0.692110
0 95 53 44 50 54 73 3 30 11 
0.000158
75 93 28 5 27 87 33 98 82 49 
0.736916
97 2 60 68 63 67 83 24 74 69 
0.999993
92 26 72 38 54 14 74 20 8 36 
0.318646
34 98 40 79 49 31 30 53 85 64 
0.598688
38 7 5 40 81 27 60 66 8 100 
0.310026
50 28 12 59 74 39 83 75 53 26 
0.549834
40 55 97 50 31 40 38 25 72 96 
0.915289
37 97 10 37 49 95 96 4 8 43 
0.320821
95 29 78 42 99 87 4 96 47 4 
0.768525
53 91 81 67 99 12 18 58 35 33 
0.064767
60 24 80 54 58 33 11 33 21 16 
0.000710
86 3 36 48 31 59 18 59 89 80 
0.984015
54 14 3 85 64 83 31 0 48 37 
0.338497
20 74 9 70 74 22 53 8 21 92 
0.111056
28 39 83 85 26 48 9 33 90 100 
0.919087
74 98 8 60 28 75 77 13 95 57 
0.998819
58 90 26 69 90 14 12 32 56 83 
0.650219
5 51 99 33 35 47 68 38 20 63 
0.009757
51 47 31 70 52 86 30 73 15 98 
0.983209
25 24 16 39 79 73 57 45 88 51 
0.485004
22 4 91 22 62 14 97 46 34 54 
0.050690
78 59 4 78 93 75 99 52 78 89 
1.000000
9 72 53 21 64 11 55 50 25 80 
0.001927
43 26 79 49 7 13 65 78 67 56 
0.193099
14 51 83 65 56 74 22 75 9 88 
0.323004
47 53 89 13 49 100 35 84 58 78 
0.959690
44 7 26 99 3 28 86 36 95 9 
0.297339
48 30 25 72 19 64 93 0 3 90 
0.960075
51 95 54 33 40 35 26 71 92 76 
0.650219
97 77 56 57 84 75 90 44 44 78 
0.999998
72 17 11 23 49 21 80 81 24 31 
0.030472
15 63 6 87 83 92 35 72 84 33 
0.657010
9 70 54 6 60 76 5 44 38 39 
0.000022
30 89 50 82 8 29 70 86 41 30 
0.060654
28 96 83 39 80 89 72 51 15 92 
0.995179
56 19 49 34 98 81 71 43 59 35 
0.955212
0 10 33 37 1 23 73 20 90 68 
0.002376
48 11 76 30 70 60 78 68 37 93 
0.995970
81 18 83 3 80 9 54 47 65 72 
0.846836
47 3 79 58 79 26 28 86 25 31 
0.015985
62 97 91 3 22 81 30 56 7 60 
0.053151
44 48 13 96 75 49 66 4 53 49 
0.912934
17 55 56 37 40 62 23 97 38 38 
0.000858
57 64 4 3 86 43 70 14 49 56 
0.125648
11 93 62 71 15 55 4 23 9 18 
0.000004
3 3 92 77 35 48 49 14 0 86 
0.035571
90 64 63 29 47 15 52 31 7 62 
0.278885
90 63 14 8 72 21 8 6 78 93 
0.445221
22 77 19 64 35 55 65 96 22 79 
0.512497
18 97 61 99 81 98 42 14 32 30 
0.643365
14 87 85 25 27 87 47 97 17 10 
0.000462
1 16 59 0 0 46 100 50 79 86 
0.074468
69 57 19 5 63 50 86 61 15 61 
0.562177
23 94 82 68 19 33 83 19 94 40 
0.627148
49 47 65 93 94 1 51 73 96 12 
0.744597
59 95 33 38 3 73 95 79 44 55 
0.965444
53 46 55 57 58 50 24 11 63 75 
0.681354
62 97 68 68 16 93 33 27 38 73 
0.978959
32 1 85 3 90 88 22 86 72 26 
0.023431
65 32 55 25 18 45 59 73 62 21 
0.039544
51 50 75 39 13 18 18 86 87 67 
0.092793
17 44 60 8 19 71 44 6 24 12 
0.000004
0 35 75 100 58 79 9 92 36 72 
0.377541
1 72 95 67 78 71 75 97 93 20 
0.893785
6 23 48 90 18 92 52 80 23 67 
0.437823
81 78 73 41 40 94 96 61 68 64 
0.999987
72 77 81 77 89 76 10 13 39 9 
0.432907
69 85 0 95 57 75 35 48 47 1 
0.349781
51 54 44 85 97 27 84 61 71 15 
0.962673
19 0 66 98 97 43 83 68 82 67 
0.999345
59 56 90 60 80 68 46 44 69 76 
0.999442
10 34 97 87 3 75 67 59 26 50 
0.331812
67 78 48 10 66 82 52 38 54 41 
0.620106
18 87 18 48 91 5 22 15 11 86 
0.000792
89 73 34 85 88 36 77 73 57 25 
0.999089
96 58 30 67 72 92 17 38 61 44 
0.995033
45 38 58 18 66 63 88 84 31 37 
0.475021
9 12 76 99 61 73 2 17 59 56 
0.078710
3 83 95 99 84 4 98 70 13 74 
0.955212
92 12 41 29 78 61 23 87 99 13 
0.742691
10 15 66 90 87 62 44 68 66 32 
0.423115
64 39 48 57 33 28 82 4 77 59 
0.953470
25 19 79 14 37 32 5 81 78 58 
0.000599
64 29 89 58 93 29 84 64 3 19 
0.676996
28 50 8 61 21 25 91 37 70 69 
0.470036
35 4 98 11 77 8 77 45 39 32 
0.004967
22 6 49 7 89 42 86 18 83 63 
0.345247
77 42 12 29 37 10 62 22 3 99 
0.278885
65 16 35 94 8 77 11 0 45 35 
0.076562
22 98 34 34 53 31 27 57 50 20 
0.000053
17 46 66 96 50 8 63 75 91 18 
0.124553
73 91 28 48 39 34 61 79 31 67 
0.885948
61 19 41 56 63 50 67 2 24 74 
0.902031
31 86 17 80 79 56 88 89 17 30 
0.723122
30 80 19 5 49 72 84 3 83 59 
0.318646
66 32 75 49 5 98 8 90 67 9 
0.061803
81 92 34 96 60 43 99 66 86 30 
0.999954
80 1 95 79 57 95 48 34 93 8 
0.998092
12 26 73 86 14 46 39 13 32 80 
0.055724
1 49 84 69 88 3 63 92 24 83 
0.307890
24 95 85 53 70 2 42 72 8 49 
0.002843
13 92 57 95 100 39 57 53 46 44 
0.689974
70 19 29 21 72 96 44 87 52 33 
0.731059
94 31 9 84 83 67 32 52 32 36 
0.974419
38 72 2 32 72 73 41 94 0 73 
0.100652
52 35 95 89 84 58 17 93 60 3 
0.490001
73 3 65 30 21 74 56 8 12 43 
0.097089
69 76 85 20 12 98 79 41 52 4 
0.517493
48 91 3 27 30 4 95 39 24 50 
0.008244
7 48 22 88 54 54 11 3 44 90 
0.033569
21 71 52 71 28 28 92 92 20 23 
0.026857
35 47 16 86 40 5 75 90 6 83 
0.485004
56 24 17 56 45 69 78 34 62 31 
0.734973
61 85 76 35 40 74 61 16 62 33 
0.729088
25 59 45 81 37 71 79 21 13 43 
0.291110
60 76 4 28 25 94 67 10 22 63 
0.452642
42 69 74 49 83 92 17 86 59 62 
0.952120
25 24 65 97 57 48 31 17 39 67 
0.363547
14 24 28 100 2 10 90 6 34 87 
0.270912
51 9 27 83 18 80 67 85 66 1 
0.445221
57 51 82 58 2 59 100 55 40 10 
0.586618
16 32 35 2 67 96 55 49 39 66 
0.039925
67 10 100 72 28 84 2 11 87 46 
0.866458
23 35 79 37 9 80 65 4 82 58 
0.347511
91 33 0 48 20 91 55 23 15 45 
0.670401
65 79 4 70 99 59 79 90 1 49 
0.987751
16 44 19 28 94 20 34 35 87 46 
0.001414
59 10 61 62 63 89 37 86 49 8 
0.470036
70 27 56 100 79 82 29 84 11 23 
0.934011
96 91 63 22 99 12 57 97 30 14 
0.470036
50 4 40 81 19 78 62 32 69 62 
0.981657
56 0 9 14 76 22 23 68 25 20 
0.000026
27 28 83 74 33 87 51 75 74 8 
0.307890
80 46 46 22 49 7 47 77 83 23 
0.061803
74 36 90 68 58 84 24 43 36 15 
0.624806
39 91 48 62 51 92 42 56 23 39 
0.329599
17 5 62 93 66 27 54 64 42 57 
0.312169
40 42 85 17 47 63 36 26 43 99 
0.569546
1 12 85 6 82 9 17 4 32 64 
0.000005
58 63 76 20 100 60 80 21 93 59 
0.998484
54 62 68 81 59 24 31 27 88 18 
0.193099
0 41 61 86 58 82 49 7 92 48 
0.617748
45 71 26 96 42 39 7 100 0 99 
0.549834
33 9 49 17 89 88 40 74 96 45 
0.603483
73 34 5 58 20 10 21 31 88 100 
0.721115
95 79 57 56 85 23 20 0 65 31 
0.584191
86 95 4 64 98 5 85 32 67 32 
0.982707
28 10 69 71 59 79 56 80 46 35 
0.638763
39 95 86 1 8 21 33 85 72 10 
0.000042
32 72 61 52 35 43 29 79 92 77 
0.689974
28 51 90 86 60 7 49 71 56 63 
0.659260
22 62 20 78 27 18 88 1 60 88 
0.734973
38 56 75 88 97 26 3 89 10 76 
0.394126
65 79 97 89 51 28 46 9 21 31 
0.462570
9 63 7 35 22 74 9 11 41 28 
0.000002
68 79 27 60 47 21 10 47 69 71 
0.336261
6 46 27 27 63 100 55 0 55 26 
0.001966
26 54 99 77 10 11 66 62 10 97 
0.576885
58 75 24 46 19 60 18 72 58 93 
0.731059
21 93 46 81 44 44 39 17 53 79 
0.425557
5 70 21 3 52 14 35 37 40 25 
0.000000
3 37 84 16 2 22 95 41 80 67 
0.021041
63 62 94 39 76 60 73 47 2 54 
0.945319
35 93 21 81 13 56 66 19 62 49 
0.445221
53 22 16 60 10 55 81 65 1 74 
0.596283
84 88 87 5 37 57 83 4 70 5 
0.452642
76 44 72 90 44 39 36 34 85 40 
0.982190
95 75 40 12 24 59 26 64 39 37 
0.071094
83 66 55 37 100 23 64 19 71 25 
0.867611
44 5 46 66 57 84 81 25 15 35 
0.657010
71 59 36 16 61 84 50 15 33 43 
0.307890
24 86 48 51 47 83 79 100 87 8 
0.627148
50 20 78 82 48 61 37 61 99 0 
0.497500
69 80 9 16 10 31 4 14 93 30 
0.000167
63 22 58 48 72 47 96 16 32 21 
0.692110
27 79 67 15 58 97 1 6 77 99 
0.413382
90 23 72 15 76 1 46 34 56 10 
0.012128
45 83 41 65 67 8 44 62 47 16 
0.005597
17 85 70 98 54 80 68 78 7 36 
0.742691
51 28 58 2 55 38 50 8 34 49 
0.002497
21 14 78 63 87 38 46 67 26 32 
0.017124
4 40 81 49 64 70 47 12 95 67 
0.549834
21 65 75 61 43 71 51 75 95 99 
0.998484
23 2 13 62 27 71 72 33 19 12 
0.000776
99 73 33 37 40 0 33 95 71 50 
0.598688
46 19 82 98 37 13 1 15 69 13 
0.001318
40 81 5 84 6 71 7 62 34 93 
0.312169
20 39 30 84 33 82 68 66 17 3 
0.008924
34 31 22 36 64 89 30 37 32 100 
0.629483
33 96 14 58 22 11 64 56 78 69 
0.202620
21 47 56 15 7 94 36 36 78 68 
0.040699
73 26 43 14 27 56 14 92 38 27 
0.001594
20 13 99 98 19 3 56 100 91 33 
0.249740
60 45 100 58 90 77 19 93 82 25 
0.969528
77 35 21 82 22 31 52 9 22 90 
0.937027
42 44 38 22 70 58 29 49 47 96 
0.472528
97 40 77 35 58 93 84 46 47 34 
0.999595
25 46 38 64 7 49 11 61 97 61 
0.022754
71 50 67 99 52 29 60 64 25 37 
0.953470
2 68 90 3 11 71 10 47 45 38 
0.000006
69 0 47 5 94 86 8 46 9 58 
0.039544
24 67 61 85 41 32 53 24 20 69 
0.159762
57 0 90 32 65 20 91 33 77 97 
0.999052
3 86 19 8 7 47 21 50 50 83 
0.000047
90 79 98 6 73 36 100 69 12 98 
0.999880
72 44 29 43 86 29 11 94 22 89 
0.638763
64 52 93 8 25 16 42 89 48 96 
0.601088
45 40 38 11 78 19 58 30 61 92 
0.410960
19 100 97 98 71 85 51 33 48 5 
0.549834
87 45 39 4 17 85 99 51 9 36 
0.733020
66 82 76 8 83 78 86 1 13 16 
0.320821
40 40 98 52 67 48 31 12 100 38 
0.420676
66 38 87 72 75 18 21 96 61 40 
0.723122
56 10 49 87 68 62 64 25 20 29 
0.717075
74 25 80 27 25 45 10 64 63 90 
0.725119
43 16 71 89 38 43 10 28 89 58 
0.487503
36 54 66 18 68 48 92 85 70 27 
0.492501
54 88 100 16 78 48 32 33 42 58 
0.257309
82 39 35 57 100 68 27 72 77 10 
0.886954
94 38 27 38 35 85 2 20 50 77 
0.850687
18 34 100 10 46 35 100 81 81 40 
0.278885
31 30 45 25 17 88 66 17 24 98 
0.524979
37 99 84 75 66 11 39 15 37 87 
0.702661
85 62 8 89 43 72 18 72 78 10 
0.787513
24 32 22 75 25 68 57 93 87 42 
0.564636
49 18 44 83 72 35 92 87 90 37 
0.997806
38 60 75 57 45 98 4 23 81 53 
0.480011
31 18 77 43 92 99 71 56 31 27 
0.731059
21 65 7 94 7 97 45 93 73 37 
0.519989
12 26 29 4 64 100 76 64 51 83 
0.634136
10 66 41 94 10 20 93 65 88 68 
0.911331
94 64 3 75 35 65 58 4 3 66 
0.970402
28 3 36 95 87 89 12 99 42 36 
0.415809
75 35 23 67 45 67 67 95 7 20 
0.613014
26 77 64 3 20 28 86 74 88 30 
0.010354
11 63 98 82 2 99 91 89 47 7 
0.615384
37 77 8 16 69 87 65 27 33 75 
0.487503
73 47 60 92 37 54 5 96 42 23 
0.314320
52 91 43 79 25 23 34 45 54 22 
0.012249
10 78 27 77 64 62 53 6 82 80 
0.872138
56 15 10 16 93 72 10 77 57 64 
0.137051
30 14 43 5 12 29 11 98 17 7 
0.000000
11 95 57 95 25 31 35 79 61 69 
0.251618
83 48 37 27 77 6 47 96 68 34 
0.345247
45 44 25 32 41 97 67 59 63 31 
0.467546
41 13 85 9 97 51 58 14 94 68 
0.889927
10 82 9 88 76 53 47 54 21 80 
0.391741
74 13 45 90 9 35 51 53 5 49 
0.363547
40 61 1 74 49 96 13 3 29 100 
0.748382
45 42 12 66 75 70 93 94 100 54 
0.999747
5 86 74 22 88 90 1 44 6 20 
0.000018
90 34 40 88 68 51 18 49 8 7 
0.112047
76 45 36 73 75 58 80 71 96 80 
0.999996
70 2 57 15 78 43 5 56 64 95 
0.679179
15 3 94 16 65 36 34 65 88 41 
0.003470
86 79 67 86 13 28 100 3 26 42 
0.991507
41 59 35 43 41 32 91 38 57 93 
0.972615
53 68 27 24 55 24 33 11 76 97 
0.377541
55 13 91 28 38 16 93 94 56 29 
0.384616
17 49 12 30 88 77 82 74 81 34 
0.485004
100 98 26 3 65 46 34 40 40 67 
0.706822
59 85 87 68 31 66 73 62 31 74 
0.998655
94 94 55 66 22 31 95 2 42 23 
0.959301
60 17 28 37 97 53 38 80 58 52 
0.706822
55 8 61 83 50 41 81 56 15 32 
0.713000
4 26 53 99 69 30 55 71 75 48 
0.408541
40 12 32 82 48 3 39 97 42 80 
0.327393
52 19 41 92 87 11 21 43 58 6 
0.008002
50 59 62 88 62 78 34 88 46 31 
0.912136
58 93 16 49 80 78 85 80 76 22 
0.990987
80 37 97 5 75 21 37 81 30 71 
0.589040
57 90 28 97 62 31 49 48 27 39 
0.576885
86 89 44 41 71 78 3 13 90 2 
0.165205
28 87 15 24 0 76 1 11 2 95 
0.000168
15 30 92 10 53 22 76 34 76 6 
0.000275
58 28 54 4 24 41 19 72 29 7 
0.000010
21 37 3 67 29 91 56 2 42 85 
0.534943
73 36 8 30 23 24 89 62 80 30 
0.358933
44 100 32 78 70 29 89 75 14 54 
0.926899
16 94 41 21 17 53 53 60 16 10 
0.000008
15 7 36 6 13 78 59 29 44 16 
0.000021
73 8 100 2 42 35 60 34 40 62 
0.345247
70 43 20 99 72 22 37 32 19 43 
0.396517
3 57 74 12 1 7 93 28 80 99 
0.062973
98 25 58 72 18 18 51 23 42 19 
0.265027
39 30 9 61 67 2 86 17 38 73 
0.316479
58 25 15 61 98 63 31 48 83 87 
0.997241
48 62 22 35 97 55 87 72 75 33 
0.944276
92 72 88 27 12 34 44 16 44 100 
0.982190
59 60 63 50 46 65 12 64 92 31 
0.323004
78 0 68 8 58 28 16 74 48 82 
0.257309
7 95 89 62 23 34 51 2 43 93 
0.149313
71 66 19 11 35 97 46 17 91 17 
0.170795
58 8 96 14 53 63 51 26 66 54 
0.598688
56 29 15 86 82 70 63 92 88 3 
0.967391
69 40 6 85 70 5 7 97 64 66 
0.542398
6 1 55 76 5 18 2 1 70 93 
0.000833
56 57 9 31 43 10 78 72 22 99 
0.650219
14 62 10 66 85 89 71 14 26 53 
0.428004
11 25 65 80 2 64 100 46 99 21 
0.641067
42 72 52 81 66 18 68 62 62 61 
0.958513
17 55 29 29 94 42 43 44 91 38 
0.013654
16 43 42 51 89 71 41 8 79 25 
0.024602
91 71 2 41 33 52 49 77 2 10 
0.012617
55 28 75 47 32 12 93 31 13 15 
0.009757
14 47 48 24 56 9 20 25 87 4 
0.000001
29 40 95 45 92 5 27 95 44 87 
0.347511
100 92 62 53 56 77 78 98 55 12 
0.999377
50 2 24 77 36 67 10 22 79 35 
0.044362
26 65 52 52 2 49 79 24 74 73 
0.631812
4 15 65 88 21 91 95 47 37 23 
0.358933
52 36 82 43 40 39 49 33 51 56 
0.297339
77 79 48 67 29 20 3 44 100 46 
0.318646
2 2 29 74 69 76 15 25 79 87 
0.282925
74 25 44 48 26 77 77 95 46 84 
0.999633
28 69 49 0 56 20 56 13 8 92 
0.002066
25 15 99 95 93 77 12 25 37 49 
0.581759
47 99 67 46 19 99 44 32 39 52 
0.601088
16 82 32 24 50 69 42 24 90 60 
0.044788
10 74 8 89 6 58 91 19 20 89 
0.645656
50 99 42 20 9 77 21 48 98 82 
0.634136
77 32 66 4 46 30 81 73 1 56 
0.259225
45 53 88 51 37 59 63 3 5 54 
0.177994
22 8 76 43 54 66 45 0 10 87 
0.084711
49 89 1 86 60 46 66 75 52 57 
0.970971
63 26 52 34 62 38 30 8 49 75 
0.272892
57 10 57 72 83 8 34 87 67 37 
0.375194
72 59 53 99 58 96 41 85 68 79 
0.999993
28 70 33 40 19 11 91 58 79 31 
0.016143
72 0 10 40 40 87 72 80 95 76 
0.999687
73 44 52 100 35 72 28 1 58 4 
0.386986
31 36 99 50 64 33 54 94 88 26 
0.356635
19 4 60 83 72 79 2 49 25 42 
0.009378
36 72 93 97 23 69 6 61 19 75 
0.589040
22 96 8 80 85 98 35 40 95 88 
0.998572
47 63 74 49 39 26 94 61 79 10 
0.423115
93 7 44 80 59 9 24 4 22 46 
0.172216
61 90 45 28 54 38 83 28 10 19 
0.021041
19 59 12 23 68 23 61 74 86 88 
0.297339
35 67 91 12 49 59 95 48 87 56 
0.960456
52 37 55 5 89 32 31 92 78 5 
0.001870
43 4 12 95 11 61 83 44 83 44 
0.956060
92 60 78 38 28 21 51 82 93 2 
0.432907
61 95 84 35 17 59 23 85 10 95 
0.696355
33 92 71 84 73 48 18 85 32 60 
0.542398
65 52 7 2 33 68 29 100 67 79 
0.389361
42 2 20 78 96 6 83 7 56 47 
0.571996
11 39 47 59 70 80 53 4 72 42 
0.158424
80 17 16 8 96 78 76 63 21 19 
0.457602
84 98 6 23 6 73 53 58 11 5 
0.002988
64 6 97 1 98 42 13 49 51 85 
0.524979
57 64 40 89 71 77 0 53 28 60 
0.748382
72 39 89 10 34 94 87 20 79 21 
0.959301
96 47 23 88 74 42 78 63 82 94 
0.999999
40 56 84 99 40 35 64 59 53 46 
0.942676
41 75 10 83 80 56 28 85 93 40 
0.846836
67 86 17 80 89 21 0 27 29 95 
0.736916
22 85 42 52 13 76 85 35 81 32 
0.368188
28 92 9 75 30 61 66 67 21 88 
0.844224
84 20 22 64 33 39 60 36 39 24 
0.274881
36 70 86 87 0 32 9 52 84 25 
0.007392
22 100 17 64 15 25 42 14 10 87 
0.003204
97 31 49 40 76 76 21 72 5 22 
0.316479
38 42 76 50 5 53 45 83 15 92 
0.418241
96 47 7 40 31 70 20 98 99 15 
0.593873
54 75 35 83 14 53 0 96 84 48 
0.307890
86 53 42 66 21 13 54 70 29 58 
0.734973
38 92 8 7 57 70 9 100 94 17 
0.000808
9 53 35 45 75 70 86 30 51 48 
0.305764
13 90 89 62 58 63 80 96 81 45 
0.976569
77 87 9 87 1 57 35 42 89 81 
0.996890
62 40 55 91 86 91 12 10 36 29 
0.748382
71 71 83 28 67 3 100 5 30 45 
0.683521
83 85 61 27 81 48 70 56 36 13 
0.663739
51 72 90 34 38 91 2 37 7 51 
0.013654
72 61 85 76 77 30 85 65 56 33 
0.998390
7 1 48 34 96 55 69 92 95 59 
0.748382
39 6 94 25 2 50 87 58 22 69 
0.276878
78 34 28 81 17 31 15 65 6 79 
0.289050
71 65 17 65 98 71 99 76 54 45 
0.999897
67 86 33 92 40 43 26 57 0 54 
0.320821
37 86 71 23 48 61 96 65 33 85 
0.984632
40 18 39 78 66 22 13 99 51 97 
0.744597
43 23 42 90 25 11 25 64 60 15 
0.001332
56 0 72 92 84 49 57 20 69 94 
0.999915
98 15 43 80 79 41 100 21 0 27 
0.995082
17 33 31 24 81 45 63 99 64 69 
0.270912
87 42 48 44 44 99 26 95 35 44 
0.953911
20 59 97 91 7 52 70 35 72 14 
0.172216
100 5 66 76 75 40 63 27 57 74 
0.999947
23 95 97 90 91 44 72 29 93 4 
0.889927
88 32 59 91 15 74 3 59 87 7 
0.668188
91 28 41 26 34 36 38 43 78 15 
0.052154
96 29 71 86 49 15 19 96 23 31 
0.569546
52 7 27 49 82 77 53 6 27 57 
0.562177
9 36 31 23 46 66 2 64 55 64 
0.000214
53 47 26 51 60 63 79 14 37 42 
0.629483
43 44 90 13 15 93 37 23 48 70 
0.205870
0 27 62 45 50 43 12 45 60 66 
0.000649
82 25 80 0 93 34 17 47 21 90 
0.514996
28 28 46 83 17 93 32 9 42 74 
0.507499
91 75 45 96 63 39 47 20 71 42 
0.998111
86 5 87 70 67 86 23 53 49 2 
0.822006
3 67 57 99 44 88 6 39 74 90 
0.846836
81 20 46 0 40 47 26 70 91 59 
0.363547
56 25 12 89 16 62 38 4 66 57 
0.586618
52 47 5 49 98 6 98 24 24 89 
0.955212
52 62 33 99 82 53 23 56 46 40 
0.742691
76 60 72 14 31 62 69 38 40 24 
0.220974
62 45 58 99 31 22 48 19 84 93 
0.998733
33 38 58 90 34 63 52 94 65 16 
0.398912
80 59 41 81 81 41 70 19 34 9 
0.842905
100 46 5 57 16 67 84 21 10 1 
0.266980
100 19 64 64 42 26 45 26 15 25 
0.259225
62 64 24 65 61 25 57 5 55 48 
0.445221
33 30 20 6 19 84 66 45 22 41 
0.001345
68 57 56 16 65 78 8 31 78 31 
0.069138
64 42 43 87 99 7 40 28 40 37 
0.418241
24 9 99 15 92 54 3 86 80 22 
0.001318
27 54 77 50 64 29 39 30 38 95 
0.382252
53 42 97 18 29 76 63 44 78 87 
0.994832
57 99 8 96 42 81 42 70 3 90 
0.994514
69 42 87 34 23 37 78 44 20 43 
0.363547
77 72 67 16 93 14 25 50 10 92 
0.472528
20 55 52 23 46 72 96 53 2 94 
0.764948
21 93 99 49 43 81 79 69 12 30 
0.270912
82 61 1 86 95 35 12 62 98 9 
0.661503
42 72 0 58 6 26 21 15 84 20 
0.000097
43 65 33 28 67 80 70 14 92 30 
0.636453
60 5 85 93 89 57 31 34 76 99 
0.999953
9 63 89 43 65 55 83 12 17 91 
0.736916
67 26 41 53 93 72 25 29 31 81 
0.966431
19 63 39 0 74 84 24 39 21 49 
0.000292
65 65 97 56 25 12 10 93 80 53 
0.295254
89 40 72 59 13 20 18 54 93 88 
0.987872
24 23 57 53 39 77 26 56 52 92 
0.576885
64 55 26 20 60 49 33 45 60 81 
0.574443
67 64 1 57 48 13 4 54 95 97 
0.719100
90 84 23 66 0 38 26 97 1 75 
0.562177
61 5 91 68 85 4 59 40 57 91 
0.997100
45 18 24 18 21 75 96 79 78 21 
0.278885
77 60 49 66 0 32 44 19 84 33 
0.349781
67 40 69 87 77 21 40 98 45 23 
0.746494
20 60 95 37 53 68 67 60 83 98 
0.996890
80 70 88 93 2 99 32 75 78 35 
0.999071
56 74 69 72 72 25 8 87 58 50 
0.403717
18 63 35 14 11 14 62 46 86 71 
0.003368
13 24 61 57 74 56 51 56 15 96 
0.567093
35 90 57 88 53 98 71 0 91 100 
0.999990
17 52 95 20 6 100 95 29 26 62 
0.442752
98 78 62 30 53 64 83 62 32 5 
0.919087
77 22 24 71 43 85 22 95 35 29 
0.610639
1 100 44 5 39 69 50 26 65 51 
0.000769
100 2 100 19 16 49 48 45 63 26 
0.539915
50 97 6 16 86 80 4 98 97 56 
0.420676
53 1 8 81 68 71 73 25 66 82 
0.999269
47 35 38 69 36 83 30 10 39 56 
0.274881
0 94 92 68 73 76 49 77 71 7 
0.081660
85 48 43 14 66 44 42 95 77 22 
0.406127
35 88 76 8 97 71 40 41 96 39 
0.423115
56 35 89 68 42 42 10 12 92 59 
0.629483
92 0 15 18 88 7 14 78 88 57 
0.280900
58 5 96 43 27 59 13 76 35 62 
0.148047
48 65 85 8 41 57 36 51 11 0 
0.000049
97 71 80 82 19 86 72 18 49 50 
0.999928
46 58 15 65 21 57 18 17 75 24 
0.002815
60 63 70 14 70 66 72 13 47 2 
0.048338
3 27 62 54 63 8 95 0 82 67 
0.257309
40 55 92 39 76 48 39 83 97 36 
0.696355
28 57 25 70 3 92 82 12 16 55 
0.312169
53 9 42 52 9 96 29 90 20 66 
0.370517
70 46 93 30 9 82 82 52 100 80 
0.999920
64 58 45 28 0 99 82 12 58 46 
0.887953
27 85 20 35 64 69 68 75 42 70 
0.654753
60 12 94 56 22 60 26 92 3 16 
0.005766
37 58 25 60 37 32 27 17 87 11 
0.000536
64 75 59 42 45 91 28 82 20 40 
0.401312
95 55 32 48 32 68 27 85 35 27 
0.442752
2 44 76 6 26 7 3 56 47 93 
0.000015
52 12 11 79 94 98 10 1 31 55 
0.534943
44 100 56 56 7 76 51 31 35 61 
0.445221
68 85 92 65 37 5 90 60 39 90 
0.999246
86 89 19 71 62 54 30 24 8 26 
0.163830
21 98 92 9 51 46 67 93 58 85 
0.738850
93 18 49 94 34 73 21 59 97 6 
0.971252
79 76 9 48 8 87 79 45 16 31 
0.654753
84 38 99 64 45 96 7 90 69 96 
0.999964
30 87 19 91 26 12 47 50 51 89 
0.472528
50 14 94 81 67 69 62 49 98 100 
0.999995
29 73 33 79 66 21 94 4 60 42 
0.605874
71 85 65 59 93 49 74 15 11 100 
0.999788
53 30 16 60 95 61 59 23 70 78 
0.995679
89 53 4 38 37 50 22 14 64 77 
0.702661
38 46 59 96 78 33 6 24 51 21 
0.008577
72 18 45 36 35 2 60 70 83 39 
0.202620
20 95 29 74 86 51 65 75 62 84 
0.992309
53 1 56 23 25 35 35 31 20 79 
0.008409
76 9 69 12 46 81 12 77 41 63 
0.382252
78 18 37 41 47 61 25 85 95 23 
0.505000
13 41 48 87 40 43 65 52 35 80 
0.647941
52 69 99 35 71 71 25 74 97 39 
0.904651
24 90 19 78 14 20 59 88 74 84 
0.696355
26 32 71 79 5 4 84 5 61 23 
0.006432
15 94 5 99 68 30 30 17 88 85 
0.696355
72 100 94 3 98 10 86 51 62 40 
0.912934
2 93 77 90 52 15 62 5 85 73 
0.645656
70 47 59 10 14 41 90 22 95 44 
0.787513
27 35 54 98 59 45 65 25 1 0 
0.003470
47 58 89 87 71 55 8 76 58 27 
0.418241
86 70 32 75 90 59 43 79 32 13 
0.919827
37 59 52 81 91 19 85 13 46 82 
0.993568
53 22 15 71 76 45 59 71 44 35 
0.542398
32 46 79 62 67 40 58 52 32 52 
0.356635
32 34 44 74 75 90 23 51 68 26 
0.276878
98 100 82 31 13 36 49 38 39 46 
0.706822
98 27 86 12 50 34 6 20 72 68 
0.532454
66 82 49 92 53 27 30 24 41 43 
0.467546
15 99 68 11 54 86 73 39 46 94 
0.880797
83 82 37 21 56 40 70 97 89 9 
0.757680
64 93 56 27 5 89 34 90 12 81 
0.700567
52 98 22 20 68 40 62 63 35 75 
0.519989
21 31 40 54 77 53 26 3 85 98 
0.702661
56 12 42 66 37 70 23 68 93 27 
0.391741
61 35 55 35 97 76 72 42 13 41 
0.873249
16 30 20 63 76 13 83 7 83 82 
0.738850
22 18 35 90 76 8 44 82 51 73 
0.384616
93 78 72 24 51 10 61 29 90 20 
0.579324
81 74 31 34 10 43 70 74 10 89 
0.938197
94 95 84 23 89 8 68 34 40 18 
0.564636
89 29 79 77 16 35 26 80 47 11 
0.215853
12 97 12 20 32 23 74 1 19 71 
0.000294
64 89 30 53 17 66 8 18 59 73 
0.280900
68 4 60 80 75 25 24 100 36 87 
0.986480
100 52 61 29 68 67 86 61 55 9 
0.991674
43 6 65 73 41 18 90 87 31 59 
0.874352
51 89 10 56 30 4 65 62 85 61 
0.457602
42 62 30 48 17 79 88 67 25 0 
0.020432
6 76 75 74 22 37 5 85 86 99 
0.310026
46 36 69 40 26 70 10 23 92 85 
0.641067
47 16 76 10 63 97 63 24 14 51 
0.266980
88 32 87 89 84 9 83 95 26 4 
0.983043
33 24 91 21 71 74 33 58 54 65 
0.347511
26 72 69 2 71 8 4 88 41 61 
0.000073
85 82 29 11 29 90 34 52 100 7 
0.251618
50 47 54 51 99 49 83 93 74 13 
0.949310
83 11 69 80 32 63 29 58 81 43 
0.989439
63 94 22 58 92 52 38 81 65 76 
0.995970
9 56 65 95 54 91 15 97 23 62 
0.389361
62 59 72 1 65 26 85 33 10 51 
0.093638
95 94 76 34 30 37 85 2 18 12 
0.340740
49 41 36 93 50 1 50 20 58 1 
0.003505
67 13 80 73 90 75 23 35 41 56 
0.983209
25 35 48 44 89 84 35 83 28 52 
0.183922
92 79 41 97 88 21 11 69 31 24 
0.681354
97 47 7 51 71 14 39 56 22 62 
0.634136
10 44 13 75 55 91 88 59 38 24 
0.272892
77 16 34 49 2 52 65 7 69 82 
0.975398
45 52 84 33 41 5 45 5 98 64 
0.135873
0 89 97 96 64 100 54 57 72 10 
0.738850
94 47 50 89 80 61 29 50 75 67 
0.999930
86 96 39 59 2 32 61 55 64 25 
0.571996
36 35 85 93 26 29 68 55 81 99 
0.999318
61 97 69 86 52 71 60 49 20 9 
0.748382
79 40 30 39 67 74 41 78 30 43 
0.779026
13 65 57 16 46 48 16 84 83 17 
0.000052
28 26 71 9 23 4 56 39 35 66 
0.000313
28 3 31 30 64 45 17 34 88 93 
0.112047
26 76 49 67 72 10 71 32 15 83 
0.386986
5 42 29 71 85 41 44 9 86 88 
0.631812
77 40 25 60 29 39 58 39 16 59 
0.519989
55 73 95 94 90 18 57 42 89 65 
0.999678
9 48 93 95 79 48 7 21 79 47 
0.121319
29 24 62 55 30 53 60 77 62 49 
0.284958
42 44 39 53 100 61 45 88 97 52 
0.983209
19 74 60 55 22 35 90 74 60 59 
0.564636
21 57 32 95 53 65 8 25 67 71 
0.305764
74 19 88 29 84 18 88 65 28 78 
0.995764
43 86 20 15 2 61 38 75 72 97 
0.358933
57 90 30 97 25 83 45 0 60 19 
0.641067
40 100 30 45 88 43 75 65 7 82 
0.898439
42 56 37 50 47 17 18 15 93 67 
0.035230
21 83 66 71 79 22 1 77 54 55 
0.012493
66 81 10 8 4 35 12 93 88 40 
0.001292
18 65 98 78 72 52 18 69 89 40 
0.430454
21 38 82 3 16 91 28 7 48 76 
0.005882
96 33 52 2 19 13 27 55 93 44 
0.049266
66 27 36 84 29 24 96 98 58 24 
0.958113
28 99 33 22 65 16 84 65 100 44 
0.242320
57 75 68 55 71 86 82 7 30 25 
0.942133
17 68 2 96 66 94 45 30 29 61 
0.641067
69 57 95 41 11 7 77 10 61 47 
0.423115
61 28 19 12 48 56 96 40 21 63 
0.567093
15 7 77 17 64 71 97 100 50 25 
0.167982
0 73 4 52 9 82 25 0 95 30 
0.000154
39 81 67 56 18 31 21 64 62 87 
0.291110
87 81 86 27 22 39 60 93 43 95 
0.998586
15 86 76 35 19 73 64 23 8 26 
0.000581
45 93 25 34 19 20 58 62 95 46 
0.062386
6 74 78 63 89 40 18 51 39 68 
0.031676
68 74 26 82 64 90 32 49 9 26 
0.586618
47 42 1 72 37 50 68 42 11 71 
0.472528
0 31 60 94 84 56 82 8 44 64 
0.889927
82 71 23 57 5 46 9 86 30 12 
0.001610
97 89 84 37 89 33 7 6 2 55 
0.263084
90 46 34 21 56 74 41 93 21 35 
0.492501
50 16 98 79 93 14 0 10 85 52 
0.336261
97 78 96 33 10 50 26 14 27 26 
0.053151
48 56 77 16 87 39 26 37 41 84 
0.276878
100 47 100 11 94 89 22 22 12 14 
0.354344
4 93 69 78 49 47 94 14 36 88 
0.959301
29 70 49 86 71 81 4 29 62 46 
0.255403
43 23 7 80 7 66 38 98 80 48 
0.475021
89 86 16 84 76 86 60 1 57 41 
0.999538
41 38 50 42 7 6 66 40 13 19 
0.000045
43 29 35 46 55 79 79 35 1 56 
0.477515
91 25 60 64 10 27 32 84 45 93 
0.989121
58 36 69 7 66 46 72 3 93 37 
0.480011
42 36 27 94 58 70 3 35 59 27 
0.038791
87 25 80 10 51 16 83 92 32 31 
0.480011
41 75 2 56 83 18 85 10 77 53 
0.700567
87 20 33 33 4 18 73 17 10 98 
0.719100
66 15 90 15 72 54 95 59 47 2 
0.482507
32 9 21 48 94 28 77 71 31 37 
0.056253
96 24 24 46 17 82 22 15 64 32 
0.382252
69 23 100 40 18 74 36 83 35 49 
0.687831
36 20 33 90 17 69 43 50 86 48 
0.725119
41 35 36 41 86 70 36 45 73 8 
0.021668
44 100 43 96 75 16 12 29 58 73 
0.593873
29 10 11 16 13 15 5 4 100 85 
0.000123
27 80 30 21 72 63 95 43 89 90 
0.996089
99 52 49 19 5 34 58 69 25 54 
0.398912
39 51 64 87 15 41 85 26 30 46 
0.608259
24 63 25 66 48 34 69 83 30 72 
0.382252
43 2 49 24 30 77 89 22 96 37 
0.727108
92 1 51 77 89 84 97 66 45 58 
0.999998
18 90 3 27 49 46 80 62 65 65 
0.134703
59 38 73 14 82 54 100 11 21 33 
0.552308
36 58 63 97 61 38 78 1 30 32 
0.554779
9 63 97 62 27 87 92 62 82 5 
0.557248
37 91 16 84 69 32 43 3 45 4 
0.001946
71 19 27 77 39 19 73 20 47 45 
0.696355
87 49 98 22 56 90 11 25 4 43 
0.224436
99 23 45 83 32 62 48 47 87 53 
0.999723
98 32 45 40 0 72 18 94 88 9 
0.293178
96 32 29 99 83 98 39 44 44 38 
0.999805
49 78 70 40 10 83 30 88 77 47 
0.549834
32 95 69 35 93 94 67 0 2 46 
0.408541
74 88 91 15 87 98 52 26 25 16 
0.687831
94 57 74 52 29 74 49 18 99 37 
0.997503
32 93 27 90 63 80 25 75 2 66 
0.524979
38 14 64 2 99 28 58 57 94 77 
0.740775
44 53 39 70 73 79 46 84 97 45 
0.992754
2 55 20 63 22 94 45 96 90 57 
0.361237
91 55 24 47 94 69 24 23 85 37 
0.971252
26 96 75 45 18 75 78 62 65 41 
0.645656
59 69 12 48 61 0 89 54 19 70 
0.549834
41 70 98 92 83 99 12 34 53 12 
0.692110
86 79 10 30 48 83 14 35 4 89 
0.672607
92 97 88 88 26 92 42 28 0 92 
0.999941
88 10 37 47 87 36 46 41 79 55 
0.987131
84 77 42 78 61 36 38 67 46 13 
0.584191
47 41 78 0 31 23 9 71 95 19 
0.000089
30 60 90 56 60 67 80 45 32 20 
0.340740
18 55 22 84 59 8 30 32 94 88 
0.352059
39 58 30 6 90 100 74 12 34 50 
0.440286
66 67 7 77 29 81 62 20 87 87 
0.999782
85 56 0 53 59 96 39 43 34 26 
0.713000
70 15 24 37 56 94 48 75 66 23 
0.740775
75 63 69 24 58 6 36 40 92 7 
0.010666
85 88 35 84 41 14 23 35 53 67 
0.881843
48 26 55 19 58 91 28 21 82 58 
0.450166
10 80 74 95 26 23 35 73 35 72 
0.081660
56 66 27 36 54 65 69 12 100 18 
0.507499
97 73 27 33 11 63 11 24 62 70 
0.629483
51 62 80 63 17 78 9 2 84 58 
0.517493
83 61 3 50 100 73 13 70 38 80 
0.988109
57 45 0 44 49 53 86 95 15 47 
0.532454
35 91 29 62 89 9 53 90 16 71 
0.259225
14 39 81 17 41 34 82 97 93 71 
0.652489
25 65 86 48 92 60 58 62 6 0 
0.004278
28 56 20 97 42 3 91 79 13 31 
0.043522
96 68 0 57 38 39 29 9 76 2 
0.032609
87 62 52 3 24 40 75 49 97 31 
0.744597
9 60 45 43 77 85 20 20 93 88 
0.647941
89 93 43 44 8 88 97 75 90 10 
0.998438
78 78 72 29 13 97 23 93 60 43 
0.842905
24 49 34 26 21 28 96 23 37 1 
0.000063
63 19 93 54 18 51 17 98 74 65 
0.846836
21 77 62 29 88 94 1 90 9 80 
0.072426
96 69 44 97 94 88 76 78 79 87 
1.000000
48 23 38 98 13 77 3 64 46 63 
0.415809
52 75 92 87 82 65 94 4 10 99 
0.999983
54 4 55 27 14 40 88 10 79 49 
0.386986
70 42 19 33 15 18 27 28 99 95 
0.549834
33 47 51 23 40 86 93 16 98 15 
0.420676
92 50 15 33 16 69 35 83 76 77 
0.988226
79 84 10 62 98 91 67 33 8 51 
0.996890
51 77 60 64 33 90 23 98 82 9 
0.396517
14 19 46 53 85 63 46 54 90 62 
0.668188
93 29 32 32 19 35 79 1 67 19 
0.278885
87 91 25 29 23 39 70 23 90 74 
0.992385
20 96 98 94 61 75 41 80 9 32 
0.408541
82 83 56 7 34 9 24 53 44 100 
0.327393
37 50 33 76 72 44 62 49 46 41 
0.490001
46 49 84 52 70 60 26 36 90 23 
0.272892
24 80 49 44 80 32 31 68 19 56 
0.004967
97 22 81 85 5 24 31 93 15 62 
0.931502
92 49 48 92 41 22 29 79 42 25 
0.685680
45 89 40 37 74 89 77 23 65 19 
0.742691
94 65 9 53 24 6 39 6 17 98 
0.564636
39 61 6 73 26 66 28 94 89 14 
0.033246
7 100 90 81 35 91 32 25 44 73 
0.681354
63 80 51 97 71 16 32 74 46 30 
0.564636
74 90 50 1 42 11 32 2 12 33 
0.000066
25 96 83 67 3 40 6 2 80 45 
0.001889
67 47 22 62 3 18 87 21 36 57 
0.420676
63 85 2 95 2 52 75 91 53 86 
0.999304
59 57 45 28 1 27 3 21 45 99 
0.008663
93 60 9 45 65 89 76 13 95 62 
0.999951
46 25 18 10 71 67 48 91 58 27 
0.016957
96 88 9 93 53 65 89 20 80 97 
1.000000
78 70 25 47 59 6 77 64 87 83 
0.998528
1 35 89 42 46 56 97 60 33 63 
0.386986
10 9 44 66 85 23 81 4 51 52 
0.083173
3 80 16 58 40 45 14 17 65 13 
0.000005
35 69 76 91 72 97 98 19 69 78 
0.999995
83 73 77 71 61 0 35 68 98 77 
0.998819
85 53 5 30 74 98 49 71 4 42 
0.808455
8 61 100 97 41 22 66 90 51 58 
0.733020
78 99 37 69 48 25 20 14 28 61 
0.253506
45 92 15 86 77 64 44 75 40 25 
0.519989
88 26 33 92 51 37 27 71 46 4 
0.266980
69 100 57 15 72 78 84 74 11 53 
0.976797
45 14 68 90 76 45 49 48 50 33 
0.744597
1 89 12 22 16 55 32 24 70 42 
0.000019
88 39 66 85 95 60 8 84 65 92 
0.999969
23 65 95 80 31 42 60 2 78 48 
0.554779
82 39 21 45 64 5 42 4 72 59 
0.396517
46 8 26 54 25 48 54 81 82 61 
0.657010
63 38 61 84 52 64 1 98 55 3 
0.067232
94 68 88 61 11 21 4 98 47 43 
0.307890
62 73 39 88 58 34 93 58 52 65 
0.999534
72 67 67 29 79 2 91 86 53 5 
0.329599
71 37 92 9 10 80 25 61 46 78 
0.645656
29 66 79 58 76 81 14 64 36 59 
0.354344
100 41 40 3 100 29 98 55 55 52 
0.997349
38 27 46 92 30 12 76 44 36 54 
0.361237
8 8 62 100 80 83 32 68 96 16 
0.519989
59 5 89 22 17 83 99 48 95 69 
0.999529
57 86 73 90 11 47 77 76 18 45 
0.949789
50 90 7 89 47 85 12 17 10 39 
0.033246
55 40 44 3 65 86 69 39 82 7 
0.144303
0 45 11 55 80 73 35 39 93 72 
0.253506
25 75 25 28 39 53 50 54 87 87 
0.490001
59 14 23 0 96 87 49 46 76 95 
0.993173
75 62 10 29 49 96 42 34 2 56 
0.342990
94 88 86 31 68 8 37 17 44 44 
0.423115
81 97 55 11 10 77 91 99 48 56 
0.994568
75 6 27 47 48 91 33 1 93 18 
0.492501
28 82 95 22 3 54 58 71 52 83 
0.377541
83 94 60 38 94 43 75 8 34 52 
0.989849
1 8 62 32 89 20 46 9 78 34 
0.000292
95 22 39 98 25 34 68 34 17 12 
0.698465
37 40 12 97 24 36 29 78 62 64 
0.291110
5 98 94 85 29 6 6 71 41 100 
0.036264
18 67 51 70 37 3 93 19 71 65 
0.445221
10 24 21 100 17 28 51 54 25 56 
0.004869
21 49 80 38 65 69 84 57 81 74 
0.993036
57 50 92 60 67 45 35 81 85 47 
0.968932
100 26 16 5 24 1 37 56 77 84 
0.401312
87 75 10 56 33 70 8 73 44 93 
0.979367
29 100 47 24 97 99 36 82 41 53 
0.537430
20 98 42 82 40 63 83 40 56 16 
0.276878
20 100 73 67 76 55 46 14 25 75 
0.544879
77 53 2 8 7 91 8 47 54 33 
0.002108
46 82 81 14 11 87 76 3 100 19 
0.340740
65 99 28 62 69 4 79 48 31 27 
0.255403
33 37 13 62 10 97 59 58 64 29 
0.155776
94 79 56 35 18 100 12 74 82 88 
0.999447
24 30 98 10 100 43 69 12 82 54 
0.410960
12 34 54 74 5 51 72 80 82 65 
0.713000
39 77 51 33 77 45 52 99 76 50 
0.674805
29 66 60 46 42 84 60 68 20 60 
0.465057
93 8 67 12 6 42 100 48 83 77 
0.999116
4 61 7 70 82 100 95 80 5 63 
0.925532
94 35 79 25 1 98 60 65 27 18 
0.702661
49 7 38 4 95 95 95 57 78 3 
0.689974
71 73 66 75 56 19 80 46 4 32 
0.698465
90 34 34 80 2 38 30 65 32 66 
0.826353
5 96 21 78 10 85 72 66 83 37 
0.403717
60 81 94 16 86 86 21 93 43 22 
0.272892
11 52 58 44 38 25 6 67 62 20 
0.000007
12 6 1 7 42 76 4 22 20 28 
0.000000
81 80 30 60 98 9 57 67 14 35 
0.552308
5 37 76 51 99 31 77 96 91 21 
0.280900
88 27 86 60 92 7 49 56 61 88 
0.999651
5 88 55 22 72 39 26 66 76 52 
0.001779
43 26 30 59 23 69 13 45 85 99 
0.851953
67 93 47 64 4 53 32 53 80 43 
0.586618
45 59 30 78 96 45 20 24 2 93 
0.631812
53 10 85 87 22 16 26 3 92 1 
0.005016
30 85 64 45 11 57 0 73 34 54 
0.000746
94 25 89 49 24 21 84 63 31 6 
0.509999
80 23 79 16 74 50 73 51 19 2 
0.088669
68 47 44 45 0 51 25 73 33 90 
0.502500
100 100 100 100 100 100 100 100 100 100